%% system MVA base

baseMVA = 100;

%% bus data
%	bus_i	type	Pd	Qd	Gs	Bs	area	Vm	Va	baseKV	zone	Vmax	Vmin
bus = [
	1	3	0	0	0	0	1	1	0	345	1	1.1	0.9;
	2	2	0	0	0	0	1	1	0	345	1	1.1	0.9;
	3	2	0	0	0	0	1	1	0	345	1	1.1	0.9;
	4	1	0	0	0	0	1	1	0	345	1	1.1	0.9;
	5	1	125	50	0	0	1	1	0	345	1	1.1	0.9;    
	6	1	90	30	0	0	1	1	0	345	1	1.1	0.9;
   	7	1	0	0	0	0	1	1	0	345	1	1.1	0.9;
	8	1	100	35	0	0	1	1	0	345	1	1.1	0.9;
	9	1	0	0	0	0	1	1	0	345	1	1.1	0.9;    
];

%% generator data
%	bus	Pg	Qg	Qmax	Qmin	Vg	mBase	status	Pmax	Pmin
gen = [
	1	0	0	300	-300	1.04	100	1	250	10;
	2	163	0	300	-300	1.025	100	1	300	10;
	3	85	0	300	-300	1.025	100	1	270	10;
];

%% branch data
%	fbus	tbus	r	x	b	rateA	rateB	rateC	ratio	angle	status
branch = [
	1	4	0	0.0576	0	250	250	250	0	0	1;
	4	6	0.017	0.092	0.158	250	250	250	0	0	1;
	6	9	0.039	0.17	0.358	150	150	150	0	0	1;
	3	9	0	0.0586	0	300	300	300	0	0	1;
	9	8	0.0119	0.1008	0.209	150	150	150	0	0	1;
	8	7	0.0085	0.072	0.149	250	250	250	0	0	1;
	7	2	0	0.0625	0	250	250	250	0	0	1;
	7	5	0.032	0.161	0.306	250	250	250	0	0	1;
	5	4	0.01	0.085	0.176	250	250	250	0	0	1;
];

%---- Generator Data ----%

%	Type: 0->Classical, 1->One-Axis, 2->Two-Axis
%	-------------------------------------------------------------------
%Bus No. Type M Dmp     Rs    Xd      Xq      Xd'    Xq'    Tdo'    Tqo'
%**********************************************************************
mach = [
    1   0	 0.6271	   0.01   0.0   0.146	0.0969	0.0608	0.0969	8.96	0.31
    2	0	 0.3397   0.005	  0.0	0.8958	0.8645	0.1198	0.1969	6.0	0.535
    3	0	 0.1597	  0.005	  0.0	1.3125	1.2578	0.1813	0.25	5.89	0.6
];

% machine damping
mach(:,4)=[
   0.627070475782068
   0.339530545262710
   0.159685459568868
];
